==area:0==
@collision:B(181,110)
1,1
@collision:B(153,56)
1
@collision:B(134,56)
1,1,1
@collision:B(130,55)
1
1,1,1
@event:B(173,70)
0
0
0
0
@event:B(113,99)
0
0
0
@tiles0:B(404,107)
129,296,296,296,-129,,,129,296,296,296,296,296,296,296,296
129,296,296,296,-129,0,0,129,296,296,296,296,296,296,296,296
129,296,296,296,-129,0,0,129,296,296,296,296,296,296,296,296
129,296,296,296,-129,,,129,296,296,296,296,296,296,296,296
@tiles0:B(224,119)
0,0,0,0,0
0,0,0,0
0,6313,6313,6313
0,1281,1281,1281,0
0,1281,1281,1281,0
@tiles1:B(133,66)
64
@tiles1:B(404,107)
818,851,850,851,850,850,850,851,851,850,851,851,850,850,850,850
32,0,0,0,0,0,0,0,0,0,0,0,0,0,0,0
32,0,0,942,942,942,942,973,0,0,0,942,942,942,942,0
781,781,781,781,781,781,781,781,781,781,781,781,781,781,781,781
35,35,35,35,35,35,35,35,35,35,35,35,35,35,35,35
@tiles1:B(215,96)
64
64
64
64
64
64
@tiles1:B(220,105)
64,64
@tiles1:B(213,60)
64
64
@tiles1:B(214,77)
96,96
96,96
96,96
@tiles1:B(196,46)
96,96
@tiles1:B(137,53)
64,64
64,64
@tiles1:B(443,73)
96
96
@tiles1:B(157,49)
64,64
,64
,64
,64
,64
@tiles1:B(180,109)
98,98,-193
98,98,-193,564,563,564,-562
98,98,-198
@tiles1:B(199,109)
64,64
64,64
@tiles1:B(199,104)
562,564,-562
@tiles1:B(377,95)
32,32,32,32
32,32,32,32
@tiles1:B(202,110)
564,564,563,563,564,563,564,563,564,-562
@tiles1:B(190,104)
5562,5564,-5562
@tiles1:B(377,86)
96,96,96,96
96,96,96,96
@tiles1:B(140,115)
,,,,,,,,,,,,,,,,,,,,,,,,,,,,,,,,,,,,,,,,,5563,5563,5563,5563,5563,5563,5563,,,,,,,,,,,,,,,,,,,,,,,,,,,,,,,,,,,,,,,,,,,,,,,,,,,,,,563,-562,,,562,563,563,563,563,563,-562
,,,,,,,,,,,,,,,,,,,,,,,,,,,,,,,,,,,,,,,,,,,,,,,,,,,,562,564,-562,,,562
,,,,,,,,,,,,,,,,,,,,,,,,,,,,,,,562
,,,,,,,,,,,,,,,,,,,,,,,,,,,,-562,,,,,,,,,,,,,,,,,,,,,,,,,,,,,,,,,,,,,,,,,,,,,,,,,,,,,,,,,,,,,,,,,,,,,,,,,,,,,,,,,,,,,,,,5562,5564
,,,,,,,,,,,,,,,,,,,,,,,,,,,,,,,,,,,,,,,,,,,,,,,,,,,,,,,,,,,,,,,,,,,,,,,,,,,,,,,,,,,,,-5198,5596,5596,5596,,,,,,,,,,,,,,,,,,,,,,,,,,,,,,,,,,,,,,,,,,,,,,,,,,,,,,,,,,,,,,,,,,,,,,,,,,,,,,,,,,,,,,,,,,,,,,,,,,,,,,,,,,,,,,,,,,,,,0,0,0
,,,,,,,,,,,,,,,,,,,,,,,,,,,,,,,5562,5563,5563,5563,5563,5563,5563,5563,5563,-5562,,,,,,,,,,,,,,,,,,,,564,-562,,,,,,,,,,,,,,,,,,,,,,,,-161,0,562,564,564,-562,,,,,,,,,,,,,,,,,,,,,,,,,,,,,,,,,,,,,,,,,,,,,,,,,,,,,,,,,,,,,,,,,,,,,,,,,,,,,,,,,,,,,,,,,,,,,,,,,,,,,,,,,,,,,,,,,,,64,64,64
,,,,,,,,,,,,,,,,,,,,,,,,,,,,,,,,,,,,,,,,,,,,,,,,,,,,,,,,,,,,,,,,,,,,,,,,,,,,,,,,,,,,,-161,0,594,596
,,,,,,,,,,,,,,,,,,,,,,,,,,,,,,,,,,,,,,,,,,,,,,,,,,,,,,,,,,,,,,,,,,,,,,,,,,,,,,,,,,,,,-193,0,193
,,,,,,,,,,,,,,,,,,,,,,,,,,,,,,,,,,,,,,,,,,,,,,,,,,,,,,,,,,,,,,,,,,,,,,,,,,,,,,,98,,,,,,-193,0,193,,,,,,,,,,,,,,,,,,,,,,,,,,,,,,,,,,,,,,,,,,,,,,,,,,,,,,,,,,,,,,,,,,,,,,,,,,,,,,,,,,,,,,,,,,,,,,,,,,,,,,,,,,,,,,,,,,,,,,,,,,,,,,,,,,,,,,,,,,,,,,,,,,,,,,,,,,,,,,,,,,,,,,,,,,,,,,,,,,,,,,,,,,,,,,,,,,,,,,,,0
,,,,,,,,,,,,,,,,,,,,0,0,0,0,0,0,0,0,0,0,0,0,0,0,0,0,0,0,0,0,,,,,,,,,,,,,,,,,,,,,,,,,,,,,,,,,,,,,,,,98,,,,,,,,,,,,,,,,,,,,,,,,,,,,,,,,,,,,,,,,,,,,,,,,,,,,,,,,,,,,,,,,,,,,,,,,,,,,,,,,,,,,,,,,,,,,,,,,,,,,,,,,,,,,,,,,,,,,,,,,,,,,,,,,,,,,,,,,,,,,,,,,,,,,,,,,,,,,,,,,,,,,,,,,,,,,,,,,,,,,,,,,,,,,,,,,,,,,,,,,,,,,,,,,5595,5595,5595
,,,,,,,,,,,,,,,,,,,,0,0,,,,,0,0,,,0,0,,,,,,0,0,0,,,,,,,,,,,,,,,,,,,,,,,,,,,,,,,,,,,,,,,,98,,,,,,,,,,,,,,,,,,,,,,,,,,,,,,,,,,,,,,,,,,,,,64,64,64,64,,,,,,,,,,,,,,,,,,,,,,,,,,,,,,,,,,,,,,,,,,,,,,,,,,,,,,,,,,,,,,,,,,,,,,,,,,,,,,,,,,,,,,,,,,,,,,,,,,,,,,,,,,,,,,,,,,,,,,,,,,,,,,,,,,,,,,,,,,,,,,,,,,,,,,,,,,,,,,,,5564,5564,5563
,,,,,,,,,,,,,,,,,,,,0,0,,,,,0,0,,,0,0,,,,,,0,0,0,,,,,,,,,,,,,,,,,,,,,,,,,,,,,,,,,,,,,,,,98,,,,,,,,,,,,,,,,,,,,,,,,,,,,,,,,,,,,,,,,,,,,,64,64,64,64,64,64,64,64,64,64,,,,,,,,,,,,,,,,,,,,,,,,,,,,,,,,,,,,,,,,,,,,,,,,,,,,,,,,,,,,,,,,,,,,,,,,,,,,,,,,,,,,,,,,,,,,,,,562,564,564,564,-562,,,,,,,,,,,,,,,,,,,,,,,,,,,,,,,,,,,,,,,,,,,,,,,,,,,,,,,,,,5562
,,,,,,,,,,,,,,,,,,,,0,0,,,,,,,,,0,0,,,,,,0,0,0,,,,,,,,,,,,,,,,,,,,,,,,,,,,,,,,,,,,,,,,98,,,,,,,,,,,,,,,,,,,,,,,,,,,,,,,,,,,,,,,,,,,,64,64,,64,,,,,,,,0,0,,,,,,,,,,,,,,,,,,,,,,,,,,,,,,,,,,,,,,,,,,,,,,,,,,,,,,,,,,,,,,,,,,,,,,,,563,563,564,563,564,563,-562,,,,,,,,,,,,,,,,,,,,,,,,,,,,,,,,,,,,,,,,,,,,,,,,,,,,,,,,,,,,,,,,,,,,,,,,,,,,,,5562,5563,5563,5564,5563,5564,5564,5563
,,,,,,,,,,,,,,,,,,,,0,0,,,,,,,,,0,0,,,,,,0,0,0,,,,,,,,,,,,,,,,,,,,,,,,,,,,,,,,,,,,,,,,5595,,,,,,,,,,,,,,,,,,,,,,,,,,,,,,,,,,,,,,,,,,,,64,64,,64,,,64,64,,,,64,64,,,,,,,,,,,,,,,,,,,,,,,,,,,,,,,,,,,,,,,,,,,,,,,,,,,,,,,,,,,,,,,,,,,,,,,,,,,,,,,,,,,,,,,,,,,,,,,,,,,,,,,,,,,,,,,,,,,,,,,,,,,,,,,,,,,,,,,,,,,,,,,,,,,,,,,,,,,,,,,,,,,,5562
,,,,,,,,,,,,,,,,,,,,0,0,,,0,0,0,0,0,0,0,0,0,0,0,0,0,0,0,0,,,,,,,,,,,,,,,,,,,,,,,,,,,,,,,,,,,,,,,,5563,,,,,,,,,,,,,,,,,,,,,,,,,,,,,,,,,,,,,,,,,,,,,64,,64,64,64,64,64,,,,64,64,,,,,,,,,,,,,,,,,,,,,,,,,,,,,,,,,,,,,,,,,,,,,,,,,,,,,,,,,,5562,5564,-5562,,,,,,,,,,,,,,,,,,,,,,,,,,,,,,,,,,,,,,,,,,,,,,,,,,,,,,,,,,,,,,,,,,,,,,,5562,-5562
,,,,,,,,,,,,,,,,,,,,0,0,,,0,0,0,0,0,0,0,0,0,,,,0,0,0,0,,,,,,,,,,,,,,,,,,,,,,,,,562,563,563,564,563,564,563,563,564,564,-562,,,,,,,,,,,,,,,,,,,,,,,,,,,,,,,562,563,563,564,563,563,,,,,,,,,,,,,,64,64,64,,,,64,,,64,64,,,,,,,,,,,,,,,,,,,,,,,,,,,,,,,,,,,,,,,,,,,,,,,,,,,,,,,,,,,,,,,,,,,,,,,,,,,,5564,5564,5564,-5562
,,,,,,,,,,,,,,,,,,,,0,0,,,,0,0,,,0,0,,,,,,0,0,0,0,,,,,,,,,,,,,,,,,,,,,,,,,,,,,,,,,,,,,,,,,,,,,,,,,,,,,,,,,,,,,,,,,,,,,,,,,,,,,,,,,,,,,64,64,64,,,,64,64,64,64,64,,,,,,,,,,,,,,,,,,,,,,,,,,,,,,,,,,,,,,,,,,,,,,,,,,,,,,,,,,,,,,,,,,,,,,,,,,64,64,,,,,,,,,,,,,,,,,562,564,564,564,,562,564,564,564,564,564,-562,,,,,,,,,5562,5564,5563,-5562,,,5562,5564,5563,-5562,,,5562,5564,-5562,,,,,,,,563,-562
,,,,,,,,,,,,,,,,,,,,0,0,,,,0,0,,,0,0,,,,,,0,0,0,0,,,,,,,,,,,,,,,,,,,,,,,,,,,,,,,,,,,,,,,,,,,,,,,,,,,,,,,,,,,,,,,,,,,,,,,,,,,,,,,,,,,,,64,,64,,,,64,,,,64,,,,,,,,,,,,,,,,,,,,,,,,,,,,,,,,,,,,,,,,,,,,,,,,,,,,,,,,,,,,,,,,,,,,,,,,,,64,64,563,563,563,563,563
,,,,,,,,,,,,,,,,,,,,0,0,0,0,0,0,0,0,0,0,0,0,0,0,,,0,0,0,0,,,,,,,,,,,,,,,,,,,,,,,,,,,,,,,,,,,,,,,,,,,,,,,,,,,,,,,,,,,,,,,,,,,,,,,,,,,,,,,,,,,,,,,,,,,64,,,,64
,,,,,,,,,,,,,,,,,,,,0,0,0,0,0,0,0,0,0,0,0,0,0,0,,,0,0,0,0
0,0,0,0,0,0,0,0,0,0,0,0,0,0,0,0,0,0,0,0,0,0,0,0,0,,,,,,,,,,,,0,0,0,,,,,,,,,,,,,0,0,,,,,,,,,,,,,,,,,,,,,,,,,,,,,,,,,,,,,,,,0,0,0,0,0,0,0,0,0,0,0,0,0,0,0,0,0,0,0,0,0,0,0,0,0,0,0,0,0,0,0,0,0,0,0,0,0,0,0,0,0,0,0,0,0,0,0,0,0,0,0,0,0,0,0,0,0,0,0,0,0,0,0,0,0,0,0,0
0,0,0,0,0,0,0,0,0,0,0,0,0,0,0,0,0,0,0,0,0,0,,,,,,,,,,,,,,,0,0,0,,,,,,,,,,,,,0,0,,,,,,,,,,,,,,,,,,,,,,,,,,,,,,,,,,,,0,0,,,,,,,,,0,0,0,0,0,0,0,0,0,0,0,0,0,0,0,0,0,0,0,0,0,0,0,0,0,0,0,0,0,0,0,0,0,0,0,0,0,0,0,0,0,0,0,0,0,0,0,0,0,0,0,0,0,0,0,0,0,0,0,0,0,0
0,0,0,0,0,,,,,,,,,,0,0,0,0,0,0,0,,,,,,,,,,,,,,,,0,0,0,,,,,,,,,,,0,0,0,0,,,,,,,,,,,,,,,,,,,,,,,,,,,,,,,,,,,0,0,0,,,,,,,,,0,0,0,0,0,0,0,0,0,0,0,0,0,0,0,0,0,0,0,0,0,0,0,0,0,0,0,0,,,,0,0,,,0,0,,,0,0,,,0,0,,,0,0,,,0,0,,,,0,0,0,0,0,0
0,0,0,,,,,,,,,,,,,,,,,,,,,,,,,,,,,,,,,,,,,,,,,,,,,,,,,0,0,,,,,,,,,,,,,,,,,,,,,,,,,,,,,,,,,,,0,0,0,,,,0,0,0,,,,,0,0,0,0,0,0,0,0,0,0,0,0,0,0,0,0,0,0,0,0,,,,,,,,,,0,0,,,0,0,,,0,0,,,0,0,,,0,0,,,0,0,,,,0,0,0,0,0,0
0,0,0,,,,,,,,,,,,,,,,0,0,0,0,0,0,,,,,,,,,0,0,,,,,,,,,,,,0,0,,,,,,,,,,,,,,,,,,,,,,,,,,,,,,,,,,,,,,,,,0,0,0,,,,0,0,0,,,,,,,,,,,,,,,,,,,,,,,,,,,,,,,,,,0,0,,,0,0,,,0,0,,,0,0,,,0,0,,,0,0,,,,0,0,0,0,0,0
0,0,0,0,,,,,,,,,,,,,0,0,0,0,0,0,0,0,0,,,,,,,,0,0,,,,,,,,,,,,0,0,,,,,,,,,,,,,,,,,,,,,,,,,,,,,,,,,0,0,0,0,0,0,,,,,,,,,0,0,0,,,,0,0,0,0,0,0,0,0,0,,,,,,,,,,,,,,,,,,,,,,0,0,,,0,0,,,0,0,,,,,,,0,0,,,0,0,,,,0,0,0,0,0,0
0,0,0,0,0,,,,,,,,,,0,0,0,0,0,0,0,0,0,0,0,,,,,,,0,0,0,0,0,,,,,,,,,,0,0,,,,,,,,,,,,,,,,,,,,,,,,,,,,,,,,,0,0,0,0,0,0,,,,,,,,,,0,0,,,0,0,0,0,0,0,0,0,0,0,,,,,,,,,,,0,0,0,0,0,0,0,0,0,,,0,0,,,,,,,,,,,,,,,,,,,0,0,,,,0,0,0,0,0,0
0,0,0,0,0,0,,,,,,,,,0,0,0,0,0,0,0,0,0,0,0,0,,,,,,0,0,0,0,0,,,,,,0,0,0,0,0,0,0,0,0,,,,,,,,,,,,,,,,,,,,,,,,,,,,0,0,0,0,0,0,0,0,0,0,0,,,,,,,0,0,,,0,0,0,0,0,0,0,0,0,0,,,,,,,,,,,0,0,0,0,0,0,0,0,0,,,,,,,,,,,,,,,,,,,,,,,,,,,,,,,0,0,0
0,0,0,0,0,0,,,0,0,0,0,0,0,0,0,0,0,0,0,0,0,0,0,0,0,,,,,,0,0,0,0,0,0,0,0,0,0,0,0,0,0,0,0,0,0,0,,,,,,,,,,,,,,,,,,,,,,,,,,,,0,0,0,0,0,0,0,0,0,0,0,,,,,,,0,0,,,0,0,0,0,0,0,0,0,0,0,0,0,0,0,0,0,0,0,0,0,0,0,0,0,0,0,0,0,0,0,,,,,,,,,,,,,,,,,,,,,,,,,,,,,,0,0,0
0,0,0,0,0,0,0,,0,0,0,0,0,0,0,0,0,0,0,0,0,0,0,0,0,0,,,,,0,0,0,0,0,0,0,0,0,0,0,0,0,0,0,0,0,0,0,0,0,0,0,0,0,0,0,0,0,0,0,0,0,0,0,0,0,0,0,0,0,0,0,0,0,0,0,0,0,0,0,0,0,0,0,0,0,0,0,0,0,0,0,0,0,0,,,0,0,0,0,0,0,0,0,0,0,0,0,0,0,0,0,0,0,0,0,0,0,0,0,0,0,0,0,0,0,0,0,0,0,0,0,0,0,0,0,0,0,0,0,,,,,,,,,,,,,,,,0,0,0
0,0,0,0,0,0,0,0,0,0,0,0,0,0,0,0,0,0,0,0,0,0,0,0,0,0,0,0,,,0,0,0,0,0,0,0,0,0,0,0,0,0,0,0,0,0,0,0,0,0,0,0,0,0,0,0,0,0,0,0,0,0,0,0,0,0,0,0,0,0,0,0,0,0,0,0,0,0,0,0,0,0,0,0,0,0,0,0,0,0,0,0,0,0,0,,,0,0,0,0,0,0,0,0,0,0,0,0,0,0,0,0,0,0,0,0,0,0,0,0,0,0,0,0,0,0,0,0,0,0,0,0,0,0,0,0,0,0,0,0,,,,,,,,,,,,,,,,0,0,0
,,,,,,,,,,,,,,,,,,,,0,0,0,0,0,0,0,0,,,0,0,0,0,0,0,0,0,0,0,0,0,,,,,,,,,,,,,,,,,,,,,,,,,,,,,,,,,,,,,,,0,0,0,0,0,0,0,0,0,0,0,0,0,0,0,0,,,0,0,0,0,0,0,0,0,0,0,0,0,,,,0,0,0,0,0,0,0,0,0,0,0,0,0,0,0,0,0,0,0,0,0,0,0,0,0,0,0,0,0,0,,,,,,,,,,,,,,,0,0,0,0,0,0,0,0,0,0,0,,,,,,,,,,,,,0,0,0,0,0,0,0,,,,,0,0,0,0,0,0,0,0,0,0,0,0,0,0,0,0,0,0,0,0,0,0,0,0,0,0,0,0,0,0,0,0,0,0,0,0,0,0,0,0,0,0,0,0,0,0,0,0,0,0,0,0,0,0,0,0,0,0,,,,,,,,,,,,,,,,,,,,,,,,,,,,,,,,0,0,0,0,0,0,0,0,0,0,0,0,,,0,0,0,0,0,0
,,,,,,,,,,,,,,,,,,,,0,0,0,0,0,0,0,0,,,0,0,0,0,0,0,0,0,0,0,0,0,,,,,,,,,,,,,,,,,,,0,0,0,0,0,0,0,0,0,0,0,0,0,0,0,0,0,0,0,0,0,0,0,0,0,0,0,0,0,0,0,0,0,0,0,0,,,0,0,0,0,0,0,0,0,0,0,0,0,,,,0,0,0,0,0,0,0,0,0,0,0,0,0,0,0,0,0,0,0,0,0,0,0,0,0,0,0,0,0,0,0,,,,,,,,,,,,,,0,0,0,0,0,0,0,0,0,0,0,,,,,,,,,,,,,0,0,0,0,0,0,0,,,,,0,0,0,0,0,0,0,0,0,,,,,,,,,,,,,,,,,,,,0,0,0,0,0,0,0,0,0,0,0,0,0,0,0,0,0,0,0,0,0,,,,,,,,,,,,,,,,,,,,,0,0,0,0,0,0,0,0,0,0,0,0,0,0,0,0,0,0,0,0,0,,,,,,,,,,,,,0,0,0,0,0,0,0
,,,,,,,,,,,,,,,,,,,,0,0,0,0,0,0,0,0,0,,,,,0,0,0,0,,,0,0,0,,,,,,,,,,,,,,,,,,,,,,0,0,,,,,,,,0,0,0,0,0,0,0,,,,,,,,,,,,,,,,,,,,,,,,,,,,,0,0,,,,,0,,,,,,,,,,,,,0,0,,,,,,,0,0,,,,0,0,0,0,0,0,0,,,,,,,,,,,,0,0,0,0,0,0,0,0,0,0,0,,,,,,,,,,,,,0,0,0,0,0,0,0,0,,,0,0,0,0,0,0,0,0,0,0,,,,,,,,,,,,,,,,,,,,0,0,0,0,0,0,0,0,0,0,0,0,0,0,0,0,0,0,0,0,0,,,,,,,,,,,,,,,,,,,,,0,0,0,0,,,,,,,,,,,,,,,,,,,,,,,,,,,,,,,0,0,0,0,0,0
,,,,,,,,,,,,,,,,,,,,0,0,0,0,0,0,0,0,0,0,0,,0,0,0,0,0,,,0,0,0,,,,,,,,,,,,,,,,,,,,,,,,,,,,,,,,0,0,0,0,0,,,,,,,,,,,,,,,,,,,,,,,,,,,,,,0,0,0,0,0,0,0,0,0,0,0,0,0,0,0,,,,,0,0,,,,,,,0,0,,,,0,0,0,0,0,0,0,0,,,,,,,,,,,0,0,0,0,0,0,0,0,0,0,0,,,,,,,,,,,,,0,,,,,,,,,,,,,,,,,,,0,,,,,,,,,,,,,,,,,,,,0,0,0,0,0,0,0,0,0,0,0,0,0,0,0,0,0,0,0,0,0,,,,,,,,,,,,,,,,,,,,,0,0,0,0,,,,,,,,,,,,,,,,,,,,0,0,,,,,,,,,,0,0,0,0,0,0
,,,,,,,,,,,,,,,,,,,,0,0,0,0,0,0,0,0,0,0,0,,0,0,0,0,0,,,0,0,0,,,,,0,0,0,0,0,0,0,0,0,0,0,0,,,,,,,,,,,,,,,,,,,,,,,,,,,,,,,,,,,,,,,,,,,,,,,,,,0,0,0,0,0,0,0,0,0,0,0,0,0,0,0,,,,,0,0,,,,,,,0,0,,,,0,0,0,0,0,0,0,0,0,,,,,,,,,,0,0,0,0,0,0,0,0,0,0,0,,,,,,,,,,,,,0,,,,,,,,,,,,,,,,,0,0,0,0,,,,,,,,,,,,,,,,,,,0,0,0,0,0,0,0,0,0,0,0,0,0,0,0,0,0,0,0,0,0,,,,,,,,,,,,,,,,,,,,,0,0,0,0,,,,,,,,,,,,,,0,0,0,0,0,0,0,0,,,,,,,,,0,0,0,0,0,0,0
,,,,,,,,,,,,,,,,,,,,0,0,0,0,0,0,0,0,0,0,0,0,0,0,0,0,0,,,0,0,0,,,,0,0,,,,,,,,,,0,0,0,0,0,,,,,,,,,,,,,,,,,,,,,,,,,,,,,,,,,,,,,,,,,,,,,,,0,0,0,0,0,0,0,0,0,0,0,0,0,0,0,0,,,,0,0,,0,0,,,,,,,,,0,0,0,0,0,0,0,0,0,,,,,,,,,,0,0,0,0,0,0,0,0,0,0,0,,,,,,,,,,,,,0,,,,,,0,0,0,0,0,0,,,,,,,,0,0,,,,,,,,,,,,,,,,,,,,0,0,0,0,0,0,0,0,0,0,0,0,0,0,0,0,0,0,0,0,,,,,,,,,,,,,,,,,,,,,0,0,0,0,,,,,,,,,,,,,,0,0,0,0,0,0,0,0,,,,,,,,,,0,0,0,0,0,0
,,,,,,,,,,,,,,,,,,,,0,0,,,,,,,,,,,,,0,0,0,0,0,0,0,0,,,0,0,,,,0,0,0,0,0,0,,0,0,0,0,0,0,0,0,0,0,0,0,0,0,0,0,0,0,0,0,0,0,0,0,0,0,0,0,0,0,0,0,0,,,,,0,0,0,,,,,,,,,,,,,,,,,,,,,0,,,,0,0,0,0,,,,,,0,0,,,,,,,,,0,0,0,0,0,0,0,0,0,,,,,,,,,,0,0,0,0,0,0,0,0,0,0,0,,,,,,,,,,,,,0,0,,,,,,,,,,,,,,0,0,0,0,0,0,,,,,,,,,,,,,,,,,,,,0,0,0,0,0,0,0,0,0,0,0,0,0,0,0,0,0,0,0,0,,,,,,,,,,,,,,,,,,,,,0,0,0,0,,,,,,,,,,,,0,0,0,0,0,0,0,0,0,0,,,,,,,,,,0,0,0,0,0,0
,,,,,,,,,,,,,,,,,,,,0,0,,,,,,,,,,,0,0,0,0,0,0,0,0,0,0,,,0,,,,0,0,,,,,0,0,0,0,0,0,0,0,0,0,0,0,0,0,0,0,0,0,0,0,0,0,0,0,0,0,0,0,0,0,0,0,0,0,0,,,,,0,0,0,,,,,,,,,,,,,,,,,,,,,0,,,,0,0,0,0,,,,,,0,0,,,,,,,,0,0,0,0,0,0,0,0,0,0,0,0,0,0,0,0,0,0,0,0,0,0,0,0,0,0,0,0,0,0,,,,,,,,,,,,,0,0,0,,,,,0,0,0,0,,,,0,0,0,0,0,0,0,,,,,,,,,,,,,,,,,,,,0,0,0,0,0,0,0,0,0,0,0,0,0,0,0,0,0,0,0,0,,,,,,,,,,,,,,,,,,,,,0,0,0,0,,,,,,,,,,,,0,0,0,0,0,0,0,0,0,0,0,0,0,0,0,0,0,0,0,,0,0,0,0,0
,,,,,,,,,,,,,,,,,,,,0,0,,,,,,,,,,,0,0,0,0,0,0,0,0,,,,0,0,,,,0,,,,,,,0,,,,0,0,0,0,0,0,0,0,0,0,0,0,0,0,0,0,0,0,0,0,0,0,0,0,0,0,0,0,0,0,,,,,0,0,0,0,0,0,0,0,0,0,0,0,,,,,,0,0,0,0,0,0,0,0,0,0,0,0,0,0,,,,,,0,0,,,,,,,,0,0,0,0,0,0,0,0,0,0,0,0,0,0,0,0,0,0,0,0,0,0,0,0,0,0,0,0,0,0,,,,,,,,,,,,,0,0,0,0,,,,,,,,,,,,,,,,0,0,,,,,,,,,,,,,,,,,,,,0,0,0,0,0,0,0,0,0,0,0,0,0,0,0,0,0,0,0,0,,,,,,,,,,,,,,,,,,,,,0,0,0,0,,,,,,,,,,0,0,0,0,0,0,0,0,0,0,0,0,0,0,0,0,0,0,0,0,0,0,0,0,0,0,0
,,,,,,,,,,,,,,,,,,,,0,0,0,0,0,0,0,,,,,0,0,0,0,0,,,,,,,,0,,,,0,0,,,,,0,0,0,,0,0,0,0,0,0,0,0,0,0,0,0,0,0,0,0,0,0,0,0,0,0,0,0,0,0,0,0,0,0,0,0,0,0,0,0,0,0,0,0,0,0,0,0,0,0,0,0,0,,,,,0,0,0,0,0,0,0,0,0,0,0,0,0,0,,,,,,,,,,,,,,,0,0,0,0,0,0,0,0,0,0,0,0,0,0,0,0,0,0,0,0,0,0,0,0,0,0,0,0,0,0,,,,,,,,,,,,,0,0,0,0,0,,,,,,,,0,0,0,0,0,0,0,0,0,,,,,,,,,,,,,,,,,,,,0,0,0,0,0,0,0,0,0,0,0,0,0,0,0,0,0,0,0,0,,,,,,,,,,,,,,,,,,,,,0,0,0,0,,,,,,,,,,0,0,0,0,0,0,0,0,0,0,0
,,,,,,,,,,,,,,,,,,,,0,0,0,0,0,0,0,,,,,0,0,0,0,0,,0,0,0,0,,,0,0,0,0,0,,,,,,0,,,,0,0,0,0,0,0,0,0,0,0,0,0,0,0,0,0,0,0,0,0,0,0,0,0,0,0,0,0,0,0,0,0,0,0,0,0,0,0,0,0,0,0,0,0,0,0,0,0,0,0,,,,0,0,0,0,0,0,0,0,0,0,0,0,0,0,,,,,,,,,,,,,,,,0,0,0,0,0,0,0,0,0,0,0,0,0,0,0,0,0,0,0,0,0,0,0,0,0,0,0,0,0,,,,,,,,,,,,,0,0,0,0,0,0,,,,,,0,0,0,0,0,0,0,0,0,0,,,,,,,,,,,,,,,,,,,,0,0,0,0,0,0,0,0,0,0,0,0,0,0,0,0,0,0,0,0,,,,,,,,,,,,,,,,,,,,,0,0,0,0,0,0,0,0,0,0,0,0,0,0,0,0,0,0,0,0,0,0,0,0,0,0,0,0,0,0,0,0,0,0,0,0,0,0,0,0
,,,,,,,,,,,,,,,,,,,,0,0,0,0,0,0,0,,,,,0,0,0,0,0,,0,0,0,0,,,,,,,,,,,,,0,0,0,0,0,0,0,0,0,0,0,0,0,0,0,0,0,0,0,0,0,0,0,0,0,0,0,0,0,0,0,0,0,0,0,0,0,0,0,0,0,0,0,0,0,0,0,0,0,0,0,0,0,0,,,,0,0,0,0,0,0,0,0,0,0,0,0,0,0,,,,,,,,,,,,,,,,0,0,0,0,0,0,0,0,0,0,0,0,0,0,0,0,0,0,0,0,0,0,0,0,0,0,0,0,0,,,,,,,,,,,,,0,0,0,0,0,0,0,,,,0,0,0,0,0,0,0,0,0,0,0,,,,,,,,,,,,,,,,,,,,0,0,0,0,0,0,0,0,0,0,0,0,0,0,0,0,0,0,0,0,,,,,,,,,,,,,,,,,,,,,0,0,,0,0,0,0,0,0,0,0,0,0,0,0,0,0,0,0,0,0,0,0,0,0,0,0,0,0,0,0,0,0,0,0,0,0,0,0,0
0,0,0,0,0,0,0,0,0,0,0,0,0,0,0,0,0,0,0,0,0,0,0,0,0,0,0,,0,0,,0,0,0,0,0,,0,0,0,0,,,,,,,,,,,,,,,,,0,0,0,0,0,0,0,0,0,0,0,0,0,0,0,0,0,0,0,0,0,0,0,0,0,0,0,0,0,0,0,0,0,0,0,0,0,0,0,0,0,0,0,0,,,0,0,0,0,,,,0,0,0,0,0,0,0,0,0,0,0,0,0,0,,,,,,,,,,,,,,,,0,0,0,0,0,0,0,0,0,0,0,0,0,0,0,0,0,0,0,0,0,0,0,0,0,0,0,0,0,0,0,0,0,0,0,0,,0,0,0,0,0,0,0,0,0,0,,,,,0,0,0,0,0,0,0,0,0,0,0,0,0,0,0,0,0,0,0,0,0,0,0,0,0,0,0,0,0,0,0,0,0,0,0,0,0,0,0,0,,0,0,0,0,0,0,0,0,0,0,0,0,0,0,0,0,0,0,0,0,0,0,0,0,0,0,0,0,0,0,0,0,0,0,0,0,0,0,0,0,0,0,0,0,0,0,0,0,0,0,0,0,0,0,0,0,0,0,0,0,0,0,0,0,0,0,0,0,0
0,0,0,0,0,0,0,0,0,0,0,0,0,0,0,0,0,0,0,0,0,0,0,0,0,0,0,,0,0,,0,0,0,0,0,,0,0,0,0,,,,,,,,,,,,,,,,,0,0,0,0,0,0,0,0,0,0,0,0,0,0,0,0,0,0,0,0,0,0,0,0,0,0,0,0,0,0,0,0,0,0,0,0,0,0,0,0,0,0,0,0,,,0,0,0,0,0,,,,,,,,,,,,,,,,,,,,,,,,,,,,,,,,0,0,0,0,0,0,0,0,0,0,0,0,0,0,0,0,0,0,0,0,0,0,0,0,0,0,0,0,0,0,0,0,0,0,0,0,,0,0,0,0,0,,,,,,,0,0,,,,,,,,,,,,,,,,,,,,,,,,,,,,,,,0,0,0,0,0,0,0,0,0,0,0,,0,0,0,0,0,0,0,0,0,0,0,,,,,,,,,,,,,,,,,,,0,0,,,,,,,,,,,,,,,,,0,0,0,0,,,,,,,,,,,,,,,,,0,0
,,,,,,,,,0,0,0,0,0,0,0,0,0,0,0,0,0,,,,,,,0,0,,,,,,,,0,0,0,0,,,,,,,,,,,,,,,,,0,0,0,0,0,0,0,0,0,0,0,,,0,0,0,0,0,0,0,0,0,0,0,,,,,,,,,,,,,,,,,,,0,0,,,,0,0,0,0,0,0,0,,,,,,,,,,,,,,,,,,,,,,,,,,,,,,,,,,,,,,,,,,,,,0,0,,,,,,,,,,,,,0,0,0,0,0,0,0,0,0,0,0,0,,,,,,,,,,,,,,,,,,,,,,,,,,,,,,,,,,,,,,,0,0,,,,,,,,,,,,,,,,,,,,,,,,,,,,,,,,,,,,,,,,0,0,,,,,,,,,,,,,,,,,0,0,0,0,,,,,,,,,,,,,,,,,0,0
,,,,,,,,,,0,0,0,0,0,0,0,0,0,0,0,0,,,,,,0,0,0,0,,,,,,,,0,0,0,0,0,,,,,,,,,,,,,,,0,0,0,0,0,0,0,0,0,0,0,,,0,0,,,0,0,0,0,0,0,0,,,,,,,,,,,,,,,,,,,0,0,,,,,0,0,0,0,0,0,0,,,,,,,,,,,,,,,,,,,,,,,,,,,,,,,,,,,,,,,,,0,,,0,0,,,0,0,0,0,0,,,,,,,,,,,,,,0,0,0,0,0,0,0,0,0,0,0,0,0,,,,,,,,,,,,,,,,,,,,,,,,,,,,,,0,0,,,,,,,,,,,,,,,,,,,,,,,,,,,,,,,,,,,,,,,,0,0,,,,,,,,,,,,,,,,,0,0,0,0,,,,,,,,,,,,,,,,,0,0
,,,,,,,,,,,0,0,0,0,0,0,0,0,0,0,0,,,,,,0,0,0,0,,,,,,,,,0,0,0,0,,,,,,,,,,,,,,,0,0,0,0,0,,,0,0,0,0,,,,,,,0,0,,,0,0,0,,,,,,,,,,,,,,,,,,,0,0,0,,,,,0,0,0,0,0,0,0,,,,,,,,,,,,,,,,,,0,0,0,0,0,0,0,0,0,0,0,0,0,0,0,,,,,,,,0,,,0,0,,,0,0,0,0,0,,,,,,,,,,,,,,,,0,0,0,0,0,0,0,0,0,0,0,,,,,,,,,,,,,,,,,,,,,0,0,,,,,,,,,,,,,,,,,,,,,,,,,,,,,,,,,,,,,,,,,,,,,,,,,,,,,,,,,,,,,,,,,,,0,0,0,0,0,0,0
,,,,,,,,,,,,,0,0,0,0,0,0,0,0,0,,,0,0,0,0,0,0,0,0,0,,,,,,,0,0,0,0,,,,0,0,,,,,,,,,,,,,,,,,,,0,0,,,,,,,,,,,0,,,,,,,,,,,,,,,,,,,,,,0,0,,,,,,,0,0,0,0,0,0,0,0,0,0,0,0,0,0,0,,,,,,,,0,0,0,0,0,0,0,0,0,0,0,0,0,0,0,,,0,0,,,0,0,,,0,0,,,0,0,0,0,0,,,,,0,0,0,0,0,0,0,,,0,0,0,0,0,0,0,0,0,0,0,0,0,0,0,0,0,0,,,0,0,0,0,,,,,,0,0,,,0,0,,,0,0,,,0,0,,,,,,0,0,,,,,0,0,0,0,0,0,,,,,,0,0,,,,,,,,,,,,,,,,,,,,,,,,,,,,,,,,,,,0,0,0,0,0,0,0,,,,,,,,,0,0
,,,,,,,,,,,,,,,0,0,0,0,0,0,0,,,0,0,0,0,0,0,0,0,0,0,0,0,0,0,,0,0,,,,,,0,0,,,,,,,0,0,0,0,0,0,0,0,0,0,,,,,,,,,,,,,,,0,,0,0,,,,,,,,,,,,,,,,,0,0,,0,,0,0,0,,,,0,0,0,0,0,0,0,0,0,0,0,0,0,0,,,,,,0,0,0,0,0,0,0,0,0,0,0,0,0,0,0,0,0,,,0,0,,,0,0,,,0,0,,,0,0,0,,,,,,,,,,,,,,,,,,0,0,0,0,0,0,0,,,0,0,0,0,0,0,0,,,0,0,0,0,,,,,,0,0,,,0,0,,,0,0,,,0,0,0,0,0,0,0,0,0,,,,0,0,0,0,0,0,0,0,0,0,0,0,0,0,,,,,,,,,,,,,,,,,,,,,,,,,,,,,,,,,,,,,,,,,,,,,,,,,,0,0,0
,,,,,,,,,,,,,,,,,,,,,,,,0,0,0,0,0,0,0,0,0,0,0,0,0,0,,0,0,,,,,,0,0,0,,,,0,0,0,0,0,0,0,0,0,0,0,0,,,,,,,,,,,,,,,,,0,0,,,,,,,,,,,,,,,,,0,0,,0,,0,0,0,,,,0,0,0,0,0,0,0,0,0,0,0,0,0,0,,,,,,0,0,0,0,0,0,0,0,0,0,0,0,0,0,0,0,0,0,0,0,0,0,0,0,0,,,,,,,0,0,0,0,0,,0,0,0,0,,,,,0,0,,,0,0,0,0,0,0,0,0,0,,,0,0,0,0,0,0,0,,,0,0,0,0,,,,,,0,0,,,0,0,,,0,0,,,0,0,0,0,0,0,0,0,0,,,,0,0,0,0,0,0,0,0,0,0,0,0,0,0,,,,,,,,,,,,,,,,,,,,,,,,,,,,,,,,,,,,,,,,,,,,,,,,,,0,0,0,0,0,0
,,,,,,,,,,,,,,,,,,,,0,0,0,0,0,0,0,0,0,0,0,0,0,0,0,0,0,0,0,0,0,0,0,0,0,0,0,0,0,0,0,0,0,0,0,0,0,0,0,0,0,0,0,0,0,0,0,0,0,0,0,0,0,0,0,0,0,0,0,,0,0,0,0,0,0,0,0,0,0,0,0,0,0,0,0,0,0,0,0,,0,0,0,0,0,0,,0,0,0,0,0,0,0,0,0,0,0,0,0,,,,,0,0,0,0,0,0,0,0,0,0,0,0,0,0,0,0,0,0,0,0,0,0,0,0,0,0,0,0,0,0,0,0,0,0,0,0,0,0,0,,,,,,,0,0,,,,,,,,,,,,,,,,,,,,,,,,,,,,,,,0,0,,,0,0,,,,,,,0,0,,,0,0,0,0,0,0,0,0,0,,,,0,0,0,0,0,0,0,0,0,0,0,0,0,0,,,,,,,,,,,,,,,,,0,0,0,,,,,,,,,,,,,,,,,,,,,,,,,,,,,,,0,0,0,0,0,0,0
0,0,0,0,0,0,0,0,0,0,0,0,0,0,0,0,0,0,0,0,0,0,0,0,0,0,0,0,0,0,0,0,0,0,0,0,0,0,0,0,0,0,0,0,0,0,0,0,0,0,0,0,0,0,0,0,0,0,0,0,0,0,0,0,0,0,0,0,0,0,0,0,0,0,0,0,0,0,0,,,,0,0,0,0,0,0,0,0,0,0,0,0,0,0,0,0,0,,0,0,0,0,0,0,0,0,0,0,0,0,0,0,0,0,0,0,0,0,0,0,0,0,0,0,0,0,0,0,0,0,0,0,0,0,0,0,0,0,0,0,0,0,0,0,0,0,0,0,0,0,0,0,0,0,0,0,0,0,0,0,0,0,0,0,0,0,0,0,0,0,0,0,0,0,0,0,0,0,0,0,0,0,0,0,0,0,0,0,0,0,0,0,0,0,0,0,0,0,0,0,0,0,0,0,0,0,0,0,0,0,0,0,0,0,0,0,0,0,0,0,0,0,0,0,0,0,0,,0,0,0,0,0,0,0,0,0,0,0,0,0,0,0,0,0,0,0,0,0,0,0,0,0,0,0,0,0,0,0,0,0,0,0,0,0,0,0,0,0,0,0,0,0,0,0,0,0,0,0,0,0,0,0,0,0,0,0,0,0,0,0,0,0,0,0,0,0,0
0,0,0,0,0,0,0,0,0,0,0,0,0,0,0,0,0,0,0,0,0,0,0,0,0,0,0,0,0,0,0,0,0,0,0,0,0,0,0,0,0,0,0,0,0,0,0,0,0,0,0,0,0,0,0,0,0,0,0,0,0,0,0,0,0,0,0,0,0,0,0,0,0,0,0,0,0,0,0,0,0,0,0,0,0,0,0,0,0,0,0,0,0,0,0,0,0,0,0,0,0,0,0,0,0,0,0,0,0,0,0,0,0,0,0,0,0,0,0,0,0,0,0,0,0,0,0,0,0,0,0,0,0,0,0,0,0,0,0,0,0,0,0,0,0,0,0,0,0,0,0,0,0,0,0,0,0,0,0,0,0,0,0,0,0,0,0,0,0,0,0,0,0,0,0,0,0,0,0,0,0,0,0,0,0,0,0,0,0,0,0,0,0,0,0,0,0,0,0,0,0,0,0,0,0,0,0,0,0,0,0,0,0,0,0,0,0,0,0,0,0,0,0,0,0,0,0,0,0,,0,0,0,0,0,0,0,0,0,0,0,0,0,0,0,0,0,0,0,0,0,0,0,0,0,0,0,0,0,0,0,0,0,0,0,0,0,0,0,0,0,0,0,0,0,0,0,0,0,0,0,0,0,0,0,0,0,0,0,0,0,0,0,0,0,0,0,0,0,0
@tiles1:B(436,44)
96,96
96,96
@tiles1:B(179,71)
96
96
@tiles1:B(196,110)
562,564
@tiles1:B(283,52)
64,64
@tiles1:B(427,108)
563,563,563,563,562,563,563,563,563,562
@tiles1:B(432,51)
64
64
64,64,64,64,64,64,64,64,64,64,64,64,64,64,64
@tiles1:B(355,108)
0,0,0
64,64,64
64,64,64
64,64,64
64,64,64
@tiles2:B(422,63)
0,0,0,0,0,0
0,0,0,0,0,0
0,0,0,0,0,0
0,0,0,0,0,0
@tiles2:B(197,102)
0,0,0
0,0,0
0,0,0
0,0,0
0,0,0
0,0,0
0,0,0
0,0,0
@tiles2:B(198,118)
0,0,0,0,0,0,0
0,0,0,0,0,0,0
0,0,0,0,0,0,0,0,0
0,0,0,0,0,0,0,0,0
,0,0,0,0,0,0,0,0
,,,0,0,0,0,0,0
,,,0,0,0,0,0,0
,,,,,0,0,0,0
,,,,,,0
@tiles2:B(280,154)
6505,6537,6409
1441,0,-1409
1441,0,-1441
1441,0,-1473
1441,0,-1441
1441,0,-1441
6409,0,-6409
@tiles3:B(406,109)
645
@tiles3:B(409,109)
750
@tiles3:B(416,109)
629,597
@tiles4:B(406,109)
616
@tiles4:B(239,115)
562,563
@tiles4:B(198,110)
563,563,563,563
@tiles4:B(187,115)
,-5562
562,564,-562
@tiles4:B(228,108)
5563,5563,-5563,-5563,-5563,-5563
@tiles4:B(428,108)
-5562,5564,5564,5562
@tiles4:B(296,121)
562,-563,-563
@tiles4:B(205,130)
5562,-5562
@tiles4:B(169,120)
564,564,564,563,564,563,564,563,563,563,564,564,563,-562
@tiles4:B(226,120)
5564,5564,5564,-5562
@tiles5:B(172,117)
563,563,563,563,563,563,563,563
@tiles5:B(160,118)
563,563,563,563,563,563,563,563
==area:1==
@collision:B(190,141)
0
@collision:B(393,65)
1,1
@collision:B(417,63)
1
@collision:B(408,41)
1,1
,,1
@event:B(334,77)
0,0
0,0
@event:B(129,77)
0,0
0,0
@event:B(106,35)
0,0
0,0
@tiles0:B(121,72)
865,865
865,865
865
865
@tiles0:B(457,37)
865,865,865
865,865,865
@tiles0:B(285,176)
1335
@tiles0:B(414,31)
0
@tiles0:B(191,141)
0
0
0
0
@tiles0:B(280,171)
412,412,412,412,412,412,379,377,377,377,377,377,377,379,412,412,412,412,412,412
412,412,412,412,412,412,379,377,377,377,377,377,377,379,412,412,412,412,412,412
@tiles0:B(192,138)
0
@tiles1:B(264,53)
64
64
64
64
64
@tiles1:B(357,162)
64,64,64
64,64,64
@tiles1:B(243,40)
,,,,,,,,,,,,,,64
,,,,,,,,,,,,,,64
64,64,64,64,64,64,64,64,64,64,64,64,64,64,64
@tiles1:B(108,132)
64,64
@tiles1:B(302,174)
64,64,64
64
64
64
64
64
@tiles1:B(323,177)
64
64
64
5115
@tiles1:B(285,134)
96
96
96
@tiles1:B(163,141)
563,563,564,563,564
@tiles1:B(463,39)
64
64
@tiles1:B(452,6)
64,64
64,64
@tiles1:B(396,64)
64,64
@tiles1:B(358,39)
64,64,64
64,64,64
64,64,64
@tiles1:B(120,72)
835,0,0
835,0,0
,64
,64
@tiles1:B(302,117)
64
64
@tiles1:B(380,139)
64,64,64,64
64,64,64,64
@tiles1:B(187,142)
5562,5563
@tiles1:B(336,49)
96,96,96,96,96,96,96
@tiles1:B(280,169)
147,147,147,147,147,147,147,147,147,147,147,147,147,147,147,147,147,147,147,147
5115,5115,5115,5116,5115,5115,5116,5116,5115,5116,5116,5115,5115,5116,5115,5115,5115,5116,5115,5115,5116
0,0,0,0,0,0,0,0,0,0,0,0,0,0,0,0,0,0,0,0
0,0,0,0,0,0,0,0,0,0,0,0,0,0,0,0,0,0,0,0
115,115,116,115,116,116,115,115,115,116,115,116,115,115,115,116,115,116,116,115
@tiles1:B(260,143)
64
64
@tiles1:B(123,68)
834
@tiles1:B(189,46)
96,96,96
96,96,96
@tiles1:B(189,136)
5562,5563,5564
@tiles1:B(290,177)
972
@tiles1:B(417,158)
0
@tiles1:B(179,82)
0
@tiles1:B(158,146)
0
@tiles1:B(387,55)
,,,,,,,,,,,64
838,838,838,838,838,838,838,838,838,838,838,64,838,838,838,838,838,838,838,838,838,838,838,838,838,838,838,838,838,838,838,838,838,832,832,832,832,832,832,832,832,,,,832,832,832,832,832,832,832,832,832
,,,,,,,,,,,,,,,,,,,,,,,,,,,,,,,,,,,,,,,,,0,0,0
,,,,,,,,,,,,,,,,,,,,,,,,,,,,,,,,,,,,,,,,,0,0,0
,,,,,,,,,,,,,,,,,,,,,,,,,,,,,,,,,,,,,,,,,0,0,0
@tiles1:B(318,47)
96,96,96,96,96
96,96,96,96,96
@tiles1:B(213,136)
5563,5564,5564,5564
563,564,563,564
@tiles1:B(188,52)
64
@tiles1:B(265,130)
64
64
@tiles1:B(305,149)
,64
64,,64
@tiles1:B(269,166)
64,64
64,64
64,64
@tiles1:B(295,165)
64,64,64
64,64,64
@tiles1:B(93,130)
907
@tiles1:B(273,53)
96
96
96
96
96
@tiles1:B(348,121)
970,970
@tiles1:B(292,176)
64,64,64
64,64,64
@tiles1:B(428,67)
864,864,864
@tiles1:B(343,111)
970,970
@tiles1:B(221,7)
64
64
64
64
64
@tiles1:B(74,139)
562,563,-562
@tiles1:B(163,137)
5562,5563,5562,5562,5563,5562,5563,5564,5564,5563,5564
@tiles1:B(380,56)
838,838,-869
@tiles1:B(276,20)
64,64
,64
,64
@tiles1:B(432,41)
64
64
@tiles1:B(239,72)
64,64
64,64
64,64
64,64
@tiles1:B(182,136)
5562,5563,5562,5563,5564
,563,-562
@tiles1:B(363,42)
64,64,64,64,64,64
64,64,64,64,64,64
@tiles1:B(190,139)
,,5562,5563,5564,5564,5564,5562,5563,5564,5563,5564,5563,5564
,562,563,563,563,563,564,563,563,563,563,564,563,564,564,563,563,564,563,564,563,564,564
562,594
594,198
@tiles1:B(155,150)
-564
@tiles1:B(362,154)
64
@tiles1:B(456,36)
5870,5807,5807,5807
0,0,0,0
0,0,0,0
870,806,806,806
@tiles1:B(403,9)
64,64,64
64
64
64
,64,64
@tiles1:B(170,140)
,,,,5563,5562,5563,5564,5563,5562,5563,5564
,,562,564,563,563,564,563,564,563,563,564,563
562,563
@tiles1:B(278,16)
64,64,64,64,64
@tiles1:B(423,49)
64,64
64,64
@tiles1:B(165,150)
564
@tiles1:B(309,53)
64,64
,64
,64
@tiles1:B(339,13)
64
64
@tiles1:B(239,37)
96,96,96,96,96,96,96,96,96,96,96,96,96,96
96,96,96,96,96,96,96,96,96,96,96,96,96,96
@tiles1:B(334,98)
64
@tiles1:B(351,120)
64,64,64,64
,,64
@tiles1:B(463,42)
-901,0,0,0,0,0,870
-901,0,0,0,0,0,901
-901,0,0,0,0,0,869
@tiles1:B(428,63)
96,96,96
@tiles1:B(185,144)
564,564,564,563,564
@tiles1:B(347,112)
64,64
@tiles1:B(361,163)
244
@tiles2:B(280,169)
0,0,0,0,0,0,0,0,0,0,0,0,0,0,0,0,0,0,0,0
0,0,0,0,0,0,0,0,0,0,0,0,0,0,0,0,0,0,0,0
0,0,0,0,0,0,0,0,0,0,0,0,0,0,0,0,0,0,0,0
0,0,0,0,0,0,0,0,0,0,0,0,0,0,0,0,0,0,0,0
0,0,0,0,0,0,0,0,0,0,0,0,0,0,0,0,0,0,0,0
@tiles2:B(397,130)
0,0,0,0,0,0,0,0,0,0
0,0,0,0,0,0,0,0,0,0,0
0,0,0,0,0,0,0,0,0,0
0,0,0,0,0,0,0,0,0,0
,,,,0,0,0,0,0,0
@tiles2:B(456,36)
0,0,0,0
0,0,0,0
0,0,0,0
0,0,0,0
@tiles2:B(191,34)
,0,0,0,0,0,0
0,0,0,0,0,0,0
0,0,0,0,0,0,0
,0,0,0,0,0,0
@tiles2:B(120,71)
0,0,0,0
0,0,0
0,0,0
0,0,0
0,0,0
0,0,0
@tiles2:B(420,63)
0,0,0,0,0,0,0,0,,,,0,0,0,0,0,0,0,0,0
0,0,0,0,0,0,0,0,0,0,0,0,0,0,0,0,0,0,0,0
0,0,0,0,0,0,0,0,0,0,0,0,0,0,0,0,0,0,0,0
0,0,0,0,0,0,0,0,0,0,0,0,0,0,0,0,0,0,0,0
0,0,0,0,0,0,0,0,0,0,0,0,0,0,0,0,0,0,0,0
@tiles2:B(463,42)
0,0,0,0,0,0,0
0,0,0,0,0,0,0
0,0,0,0,0,0,0
@tiles2:B(420,57)
0,0,0,0,0,0,0,0,0,0,0,0,0,0,0,0,0,0,0,0
0,0,0,0,0,0,0,0,0,0,0,0,0,0,0,0,0,0,0,0
0,0,0,0,0,0,0,0,0,0,0,0,0,0,0,0,0,0,0,0
@tiles4:B(295,171)
874
5874
@tiles4:B(160,150)
5562,5563,5563,5563,5563,5563,5563,-5562
@tiles4:B(291,171)
874
5874
@tiles4:B(288,171)
874
5874
@tiles4:B(284,171)
874
5874
==area:2==
@collision:B(77,174)
14,14
@event:B(326,101)
0,0,0
0,0,0
@tiles0:B(77,174)
5,-4
@tiles0:B(232,42)
1588,1588,1588,1588,1588,1588,1588,1588,1588,1588,1588,1588
1588,1588,1588,1588,1588,1588,1588,1588,1588,1588,1588,1588
1588
,,,1588,1588,1588,1588,1588,1588,1588,1588,1588
,,,1588,1588,1588,1588,1588,1588,1588,1588,1588
,,,1588,1588,1588,1588,1588,1588,1588,1588,1588
,,,1588,1588,1588
,,,1588,1588,1588
,,,1588,1588,1588
,,1556,1556,1556,1556,1556
,,1556,1556,1556,1556,1556
,,1588,1588,1588,1588,1588
@tiles1:B(234,45)
256,0,0,0,0,0,0,0,0,0
256,0,0,0,0,0,0,0,0,0
256,0,0,0,0,0,0,0,0,0
256,0,0,0,-256
256,0,0,0,-256
256,0,0,0,-256
@tiles1:B(82,77)
64,64,64
64,64,64
64,64,64
64,64,64
@tiles1:B(24,140)
,64
,64
,64
64,64,64,64,64,64,64,64,64,64,64,64
64,64,64,64,64,64,64,64,64,64,64,64
64,64,64,64,64,64,64,64,64,64,64,64
64,64,64,64,64,,64,64,64,64,,64
64,,64,64,64,,64,64,64,64,,64
@tiles1:B(353,178)
64
64,64,64,64,64
,,,,64
,,,,64
@tiles1:B(62,166)
64
64
@tiles1:B(232,44)
64
@tiles1:B(379,171)
64
64
@tiles1:B(380,138)
64
@tiles1:B(388,182)
64,64,64,64,64,64
64,64,64,64,64,64
64,64,64
64,64,64
@tiles1:B(120,39)
64
@tiles1:B(84,83)
64
64
@tiles1:B(136,19)
64,64
64,64
@tiles1:B(382,171)
-1198
-1198
@tiles1:B(363,167)
1168
@tiles1:B(297,46)
64,64,64,64,64,64,64,64
64,64
@tiles1:B(229,46)
64,64
@tiles1:B(119,27)
64,256
@tiles1:B(102,44)
64,64,64
@tiles1:B(105,2)
0,96,96,96,96,96,96,96,96,0,0
@tiles1:B(389,118)
64,64
64,64
64,64
@tiles1:B(49,139)
,,,,361,361,361,361
,,,,361,,,361
,,361,361,361,,,361
,,361,,,,,361
490,361,361,,,,,361,361
,,,,,,361,361,361
,,,,,,361,361,361
,490,361,361,,,361,,361
,,,361,,,361,361,361
,,,,,,361,361,361
,,,361,361,361,361,361,361
,,,,,,361,361,361
,,,,,,361,361,361
@tiles1:B(103,10)
1743,1743
1743,1743
1743,1743
1743,1743
@tiles1:B(44,76)
64,64
64,64
,64
@tiles1:B(82,83)
64
64
@tiles1:B(225,46)
64,64
@tiles1:B(378,132)
64
64
@tiles1:B(105,4)
96
@tiles1:B(139,40)
64,64
64,64
64,64
@tiles1:B(114,12)
96,96
96,96
@tiles1:B(357,168)
1231,1199
@tiles1:B(46,105)
64
64
64
@tiles1:B(179,103)
64,64
64,64
@tiles1:B(61,129)
-562
@tiles2:B(163,102)
0,0,0,0,0,0,0,0,0,0,0,0
0,0,0,0,0,0,0,0,0,0,0,0
0,0,0,0,0,0,0,0,0,0,0
0,0,0,0,0,0,0,0,0,0,0,0,0
@tiles2:B(50,150)
490
490
@tiles2:B(72,169)
0,0,0,0,0,0,0,0
0,0,0,0,0,0,0,0
0,0,0,0,0,0,0,0
0,0,0,0,0,0,0,0
,0,0,0,0,0,0,0
,0,0,0,0,0,0
@tiles2:B(41,180)
0,0,0,0
0,0,0,0
0,0,0,0
0,0,0,0
@tiles2:B(66,128)
0,0,0,0,0,0,0,0,0,0,0
0,0,0,0,0,0,0,0,0,0,0
0,0,0,0,0,0,0,0,0,0,0
0,0,0,0,0,0,0,0,0,0,0
0,0,0,0,0,0,0,0,0,0,0
0,0,0,0,0,0,0,0,0,0,0
@tiles2:B(336,141)
0,0,0,0
0,0,0,0
0,0,0,0
0,0,0,0
,0,0,0
@tiles2:B(232,42)
0,0,0,0,0,0,0,0,0,0,0,0
0,0,0,0,0,0,0,0,0,0,0,0
,,0,0,0,0,0,0,0,0,0,0
,,0,0,0,0,0,0,0,0,0,0
,,0,0,0,0,0,0,0,0,0,0
,,0,0,0,0,0,0,0,0,0,0
,,0,0,0,0,0,0,0,0,0,0
,,0,0,0,0,0,0,0,0
,,0,0,0,0,0,0,0,0
@tiles2:B(105,2)
0,0,0,0,0,0,0,0,0,0,0
0,0,0,0,0,0,0,0,0,0,0
0
@tiles2:B(50,148)
490
@tiles2:B(50,153)
490
@tiles3:B(107,2)
197,197,197
@tiles3:B(235,45)
1523,1522,1523,1522,1523,1522,1523,1522,1523
1555,1555,1555,1555,1555,1555,1555,1555,1555
@tiles4:B(65,174)
562,563
@tiles4:B(237,51)
1525,-1525
1557,-1557
6525,-6525
@tiles4:B(65,170)
5563
562
@tiles4:B(242,42)
1525,1526
6525,6526
@tiles4:B(60,129)
563
@tiles4:B(242,45)
1525,1526
1557,1558
6525,6526
@tiles4:B(234,51)
1525,-1525
1557,-1557
6525,-6525
@tiles5:B(304,43)
970
1002
@tiles5:B(233,43)
972
1004
==area:3==
@collision:B(313,101)
1
@collision:B(272,165)
1,1
,,1,1
@collision:B(311,101)
1
@tiles0:B(321,151)
0
0
0
0
@tiles0:B(181,39)
954,955,953
-924,957,924
-924,957,924
-924,957,924
-924,957,924
-924,957,924
-924,957,924
-924,957,924
-924,957,924
-924,957,924
-924,957,924
@tiles1:B(313,115)
64,64
64,64
@tiles1:B(50,120)
64
64
@tiles1:B(125,183)
96,96,96,96
@tiles1:B(177,164)
64,64,64
64,64,64
64,64,64
@tiles1:B(115,53)
64,64
@tiles1:B(415,163)
,,64,64
,64,64,64
64,64,64,64,64
64,64,64,64,64
@tiles1:B(181,39)
887,0,-918
886,,-886
887,,-887
887,,-887
886,,-887
886,,-887
887,,-887
887,,891,-891
886,,,0
887,,,0
1014,916,916,918
@tiles1:B(334,174)
,64
,64
64,64
64,64
@tiles1:B(191,184)
64
64
64
@tiles1:B(345,142)
,,541
,,541
541,541,541
541,541,541
541
@tiles1:B(463,177)
64
@tiles1:B(464,174)
64,64,64,64
@tiles1:B(200,111)
64,64
@tiles1:B(333,59)
,,0
,,96
,,96
96,96,96
96,96,96
@tiles1:B(95,115)
64,64
64,64
@tiles1:B(153,137)
64,64,64,64,64,64,64
64,64,64,64,64,64,64
64,64,64,64,64,64,64
@tiles1:B(341,84)
64
64
@tiles1:B(305,51)
96,96,96
96,96,96
@tiles1:B(254,50)
64,64,64,64
64,64,64,64
@tiles1:B(105,84)
,64,64
,64,64
64,64,64
64,64,64
@tiles1:B(388,150)
723,723,723,723
754,754,754,754,754
,754,754,754,754
,,754,754,754
@tiles1:B(320,150)
5823
5791
792
824
@tiles1:B(428,171)
64,64,64,64
64,64,64,64
@tiles1:B(430,129)
64,64
64,64
64
@tiles1:B(378,175)
64,,64
64,64,64
,64,64,64
@tiles1:B(40,181)
64,64
64
@tiles1:B(157,126)
-5724,5724
0,0
@tiles1:B(299,69)
96,96
@tiles1:B(197,184)
64
64
64
@tiles1:B(119,68)
,5535
0,0
0,0
0,0
636,-636
@tiles1:B(92,120)
64,64
@tiles1:B(254,116)
96,96
96,96
96,96
@tiles1:B(316,166)
64,64,64
,,64
,,64
@tiles1:B(329,51)
64,64,64,64
64,64,64,64
@tiles2:B(283,183)
0,0,0,0,0,0,0,0
0,0,0,0,0,0,0,0
0,0,0,0,0,0,0,0
0,0,0,0,0,0,0,0
0,0,0,0,0,0,0,0
,,0,0,0,0,0,0
,,,0,0,0,0,0
@tiles2:B(272,175)
0,0,0,0,0,0,0,0,0
0,0,0,0,0,0,0,0,0
,0,0,0,0,0,0,0,0
,0,0,0,0,0,0,0,0
@tiles2:B(21,45)
,0,0,0,0,0
,0,0,0,0,0
0,0,0,0,0,0
0,0,0,0,0,0
0,0,0,0,0,0
0,0,0,0,0,0
0,0,0,0,0,0
@tiles2:B(143,185)
0,0,0,0,0,0
0,0,0,0,0,0
0,0,0,0,0,0
0,0,0,0,0,0
0,0,0,0,0,0
@tiles2:B(157,126)
0,0
0,0
@tiles2:B(119,68)
0,0,0,0,0,0,0,0
0,0
0,0
0,0
0,0
0,0
@tiles2:B(240,163)
0,0,0,0
0,0,0,0
0,0,0,0
0,0,0,0
0,0,0,0
@tiles2:B(181,39)
0,0,0
0,0,0
0,0,0
0,0,0,0
0,0,0,0
0,0,0,0
0,0,0,0
0,0,0,0
0,0,0,0
0,0,0,0
0,0,0,0
@tiles2:B(271,183)
0,0,0,0,0
0,0,0,0,0
0,0,0,0,0
0,0,0,0,0
0,0,0,0,0
@tiles2:B(138,64)
0,0
0,0
0,0
0,0
@tiles2:B(216,163)
0,0,0,0
0,0,0,0
0,0,0,0
0,0,0,0
0,0,0,0
@tiles2:B(388,150)
0,0,0,0,0,0
0,0,0,0,0,0
,0,0,0,0,0
,,0,0,0,0
,,0,0,0,0
,,0,0,0,0
,,,0,0,0
==area:4==
@tiles0:B(111,131)
1275,1275,1275,1275,1275
1275,1275,1275,1275,1275
1275,-1308,6276,6276,1308
@tiles0:B(77,159)
1302,1303,1303
,1303,1303
,1303,1303
1302,1303,1303
@tiles0:B(103,131)
1275,1275,1275,1275,1275
1275,1275,1275,1275,1275
6276,6276,1308,-6276,1308
@tiles0:B(418,82)
,1371,1371,1371,1371,1371,1371,1371,1371,1371
1435,1371,1371,1371,1371,1371,1371,1371,1371
1435,1371,1371,1371,1371,1371,1371,1371,1371,1371
-1403,1371,1371,1371,1371,1371,1371,1371,1371,1371,,1371
1435,1371,1371,1371,1371,1371,1371,1371,1371,1371,1371,1371
,,,,,,,1371,1371,1371,1371
,,,,,,,1371,1371,1371,1371,1371
,,,,,,,,,,1371,1371,1371
,,,,,,,,,,1371,1403
,,,,,,,,,,1371,1403
,,,,,,,,,,,-1435
@tiles0:B(293,154)
0
0
@tiles1:B(474,176)
64,64
64,64
@tiles1:B(431,178)
64
64
@tiles1:B(200,188)
64,64
@tiles1:B(187,183)
64
64
64
64
64
64
@tiles1:B(282,154)
,,,,,,,,,,,96
0,0,0,0,0,0,0,0,0,0,0,96
0,,,,,,,,,,,,,,,,,,,,,,,,,,,,,,,,,,,,,,,,,,,,,,,,0
0,0,0,0,0,0,0,0,0,0,0,0,0,0,0,0,0,0,0,0,0,0,0,0,0,0,0,0,0,0,0,0,0,0,0,0,0,0,0,0,0,0,0,0,0,0,0,0,0
@tiles1:B(320,72)
64
64
@tiles1:B(90,130)
64,64
@tiles1:B(88,142)
64,64
64,64
64,64
64,64
@tiles1:B(255,166)
64,64
@tiles1:B(489,74)
32
@tiles1:B(225,83)
64
64
@tiles1:B(90,148)
64
64
@tiles1:B(214,143)
96
96
96
96
@tiles1:B(410,43)
,,,,,,64,64
,,,,,,64,64
,,,,,,,64
,,,,,,,64
64,64,64,64,64,64,64,64,64
@tiles1:B(193,183)
64
64
64
64
64
64
@tiles1:B(497,46)
541
541
@tiles1:B(220,99)
64,64,64,64,64,64
@tiles1:B(326,173)
96
96
@tiles1:B(238,93)
64,64,64
@tiles1:B(73,164)
,,64
64,64,64
@tiles1:B(483,166)
907
@tiles1:B(98,164)
,,64
,,64
64,64,64
64,64,64
@tiles1:B(390,53)
64
64
@tiles1:B(49,137)
,64
64,64
@tiles1:B(185,183)
64
64
64
64
64
64
@tiles1:B(220,187)
,64,64
64,64
@tiles1:B(241,150)
64,64
64,64,64
@tiles1:B(330,172)
96,96,96,96,96
96,96,96,96,96
@tiles1:B(62,157)
64
64
@tiles1:B(359,61)
64,64,64,64
@tiles1:B(77,159)
1239,1238,1239
64,0,0
64,0,0
1047,1047,1048
@tiles1:B(335,87)
1300
1332
1332
@tiles1:B(70,126)
64
64
@tiles1:B(50,127)
64,64
@tiles1:B(308,167)
64,64,64,64
@tiles1:B(497,60)
541
541
541
@tiles1:B(114,122)
64
64
@tiles1:B(191,183)
64
64
64
64
64
64
@tiles1:B(434,87)
64,64
64,64
,64
@tiles1:B(184,129)
64,64,64,64
@tiles1:B(431,156)
64
64
@tiles1:B(180,187)
64,64
64,64
@tiles1:B(306,69)
64
64
64
64
@tiles1:B(293,152)
667
@tiles1:B(155,142)
,,64
64,64,64,64
,,,64
,,,64
,,,1332
@tiles1:B(394,119)
64
64
64
64
@tiles1:B(88,96)
64
64
64
@tiles1:B(227,142)
64
@tiles1:B(79,151)
64,64,64,64,64,64,64,64,64
64,64,64,64,64,64,64,64,64
@tiles1:B(428,178)
96
96
96
96
96
96
@tiles1:B(416,83)
,1272,1238,1239,1238,1239,1238,1238,1239,1239,1207,1240
,541,0,0,0,0,0,0,0,0,0,1079
,541,0,0,0,0,0,0,0,0,0,1272,-1272,1300,1300
1305,1274,1274,1273,1274,1274,1274,1273,1274,-1305,0,0,541,0,1332
,,,1174,,,,,,-1079,0,0,541,0,0
,,,,,,,,,-1306,1274,1274,-1305,0,0
,,,,,,,,,,,,-1111,0,1046
,,,,,,,,,,,,-1079,0,1079
,,,,,,,,,,,,-1111,0,1111
,,,,,,,,,,,,-1111,0,1206
@tiles1:B(479,187)
64
64
@tiles1:B(82,104)
64,64
64,64
64
64
64
64
64
64
64
@tiles1:B(100,131)
,,,-1046,0,0,0,1046,,,,-1046,0,0,0,1046
1141,1141,1141,-1111,,,,1079,1141,1141,1141,-1079,,,,1176,1141,1141,1141,1141
1141,1141,1141,-1079,,,,1079,1141,1141,1141,-1079,,,,1079,1141,1141,1141,1141
1141,1141,1141,-1111,,,,1079,1141,1141,1141,-1176,,,,1176,1141,1141,1141,1141
@tiles1:B(184,119)
,,,64
64,64,64,64
@tiles1:B(313,167)
,,,,96
,,,,96
,,,,96
96,96,96,96
96,96,96,96
96
@tiles1:B(332,167)
64
64
@tiles1:B(308,178)
64,64,64,64
@tiles1:B(72,126)
64
64
@tiles2:B(320,93)
0,0
0,0
0,0
0,0
0
@tiles2:B(100,131)
0,0,0,0,0,0,0,0,0,0,0,0,0,0,0,0,0,0,0,0
0,0,0,0,0,0,0,0,0,0,0,0,0,0,0,0,0,0,0,0
0,0,0,0,0,0,0,0,0,0,0,0,0,0,0,0,0,0,0,0
0,0,0,0,0,0,0,0,0,0,0,0,0,0,0,0,0,0,0,0
@tiles2:B(418,83)
0,0,0,0,0,0,0,0,0,0,0
0,0,0,0,0,0,0,0,0,0,0
0,0,0,0,0,0,0,0,0,0,0,0,0
0,0,0,0,0,0,0,0,0,0,0,0,0
0,0,0,0,0,0,0,0,0,0,0,0,0
,,,,,,,,,,0,0,0
,,,,,,,,,,0,0,0
,,,,,,,,,,0,0,0
,,,,,,,,,,0,0,0
,,,,,,,,,,0,0,0
@tiles2:B(197,102)
0,0,0
0,0,0
0,0,0
0,0,0
0,0,0
@tiles4:B(426,87)
973
@tiles4:B(423,85)
1072,975
@tiles5:B(333,166)
972
1004
@tiles5:B(228,90)
970
1002
@tiles5:B(222,86)
967
999
==area:6==
@tiles0:B(238,41)
1632,1632
,1640
@tiles0:B(217,40)
296,296,296,1632,1632,1632
296,296,296,1632,1632
296,296,296,1640
@tiles1:B(336,97)
1594,1594
@tiles1:B(328,54)
64,64
@tiles1:B(351,62)
64,64,64
@tiles1:B(177,108)
64,64,64,64,64
64,64,64,64,64
@tiles1:B(342,66)
96,96
96,96
@tiles1:B(239,40)
,1659,1659,1659
0,0,0,0
0,0,0,0
1590,1590,1590,1590
@tiles1:B(216,40)
1659,1659,1659,1659
0,0,0,0,0
0,0,0,0,0
1590,1590,1590,1590,1590,1590,1590
@tiles1:B(179,40)
96,96,96
@tiles1:B(324,74)
96,96,96
96,96,96
@tiles1:B(182,156)
64,64
@tiles1:B(240,105)
1660,1660,1626
,,1658
@tiles1:B(187,92)
64
64
@tiles1:B(237,39)
0
1533
@tiles1:B(314,94)
64,64
64,64
@tiles1:B(333,51)
64,64
@tiles2:B(240,103)
0,0,0,0,0,0,0
0,0,0,0,0,0,0
0,0,0,0,0,0,0
0,0,0,0,0,0,0
0,0,0,0,0,0,0
0,0,0,0,0,0,0
0,0,0,0,0,0,0
0,0,0,0,0,0,0
0,0,0,0,0,0,0
@tiles2:B(180,60)
0,0,0,0,0
0,0,0,0,0
0,0,0,0,0
0,0,0,0,0
0,0,0,0,0
0,0,0,0,0
@tiles2:B(216,40)
0,0,0,0,0,0,0
0,0,0,0,0,0
0,0,0,0,0,0
0,0,0,0,0,0,0,0
@tiles2:B(171,159)
0,,,,,0,0,0
,,,,0,0,0,0,0
,,,,0,0,0,0
,,,,0,0,0,0
0,0,0,0,0,0,0,0
0,0,0,0,0,0,0,0
0,0,0,,0,0,0,0
0,0,0,0,0,0,0,0,0
0,0,0,0,,0,0,0,0
,,,,,0,0,0,0
@tiles2:B(192,61)
0,0,0,0,0,0
0,0,0,0,0,0
0,0,0,0,0,0
0,0,0,0,0,0
0,0,0,0,0,0
,0,0,0,0,0
,0,0,0,0,0
@tiles2:B(237,40)
0,0,0,0,0,0
,0,0,0,0,0
,0,0,0,0,0
0,0,0,0,0,0
,,0,0,0
@tiles2:B(165,43)
,,,0
0,0,0,0
0,0,0,0
0,,,0
,,,0
,,,0
@tiles2:B(238,48)
0,0,0,0,0,0,0
0,0,0,0,0,0,0
0,0,0,0,0,0,0
0,0,0,0,0,0,0
@tiles3:B(241,110)
1069,974,974,974,1068
@tiles3:B(241,108)
0,0,0,0,0
@tiles5:B(185,98)
970
1002
==area:7==
@event:B(88,25)
42
42
42
@event:B(90,25)
44
44
44
@event:B(83,30)
0
0
0
@event:B(81,30)
0
0
0
@tiles1:B(485,98)
64,64,64,64,64,64,64,64,64,64,,,,96
,,,,,,,,,,,,,96
,,,,,,,,,,,,,96
,,,,,,,,,,,,,96
,,,,,,,,,,,,,96
,,,,,,,,,,,,,96
,,,,,,,,,,,,,96
,,,,,,,,,,,,,96
,,,,,,,,,,,,,96
,,,,,,,,,,,,,96
,,,,,,,96,96,96,96,96,96,96
,,,,,,,96,96,96,96,96,96,96
@tiles1:B(145,100)
96
96
@tiles1:B(143,96)
96
@tiles1:B(165,150)
0
96
96
96,96,96,96,96,96,96,96
96,96,96,96,96,96,96,96
@tiles1:B(297,96)
706,-739,-739
706,-739,-739
706,-739,-739
706,-739,-739
706,-739,-739
,-739,-739
@tiles1:B(193,191)
64,64
64,64
@tiles1:B(152,96)
64,64,64,64,64,64
,,,,,64
,,,,,64
@tiles1:B(349,83)
64,64
64,64
64,64
64,64
64,64
64,64
64,64
@tiles1:B(371,85)
96,96,96,96
96,96,96,96
96,96,96,96
96,96
96,96
96,96
@tiles1:B(377,51)
64
64
@tiles1:B(206,93)
64
64
@tiles1:B(355,101)
541,541
541,541
541,541
@tiles1:B(200,97)
450
96
@tiles1:B(181,91)
64,64,521
64,64,521
@tiles1:B(342,50)
64
64
64
64
64
64
64
64
64
64
64
64,64
64,64
64
64
64
64
64
64
64
64
64
64,64,64,64,64
64,64,64,64,64
@tiles1:B(125,53)
64,64
64,64
@tiles1:B(153,53)
64
@tiles1:B(363,82)
96,96
96,96
96,96
96,96
@tiles1:B(110,107)
96
@tiles1:B(297,173)
96
96
96,96,96,96,96
96,96,96,96,96
@tiles1:B(121,53)
64,64
64,64
@tiles2:B(480,145)
,0,0
0,0,0
0,0,0
0,0,0
0,0,0
0,0,0
,,0
,0,0
==area:9==
@tiles0:B(355,50)
0
0,0,0,0,0
0,0,0,0,0
0,0,0,0,0
@tiles1:B(403,45)
1287,,,,,,,,,,,,,,,,1287
1287
1287,1287,1287,1287,1287
,,,,1287,,,,,,,,,,,,,1319
,,,,1287,1287,1287,1287,1287,1287,1287,1287,,,,,,1288
,,,,,,,,,,,1287,,,,,,1288
,,,,,,,,,,,1287,1287,1287,1287,,,6319,6320,6320,6320,6320,6320,6320,6320,6320
,,,,,,,,,,,,,,1287,,,,,,,,,,,1287
,,,,,,,,,,,,,,1287,,,,,,,,,,,64
,,,,,,,,,,,,,,1287,,,,,,,,,,,64
,,,,,,,,,,,,,,1287,1287,1287,1320,1320,1320,1320,1320,1320,1320,1320,1320
@tiles1:B(231,63)
1321,1287
@tiles1:B(231,67)
1287,1287
@tiles1:B(328,87)
64,64,64,64
64,64,64,64
64,64,64,64
@tiles1:B(225,59)
1287,-1321
@tiles1:B(232,72)
1321,1287
,1287,1287
@tiles1:B(200,45)
,1287,1287,1287,1287,1287,1287,1287,1287,1287,1287,1287,1287,1287,1287,1287,1287,1287,1287,1287,6320,6320,6320,6320,6320
,1287,,64,,,,1287,,,,,,1287,,64,,,,,,,,,0
,1287,,64,,,,1287,,,,,,1287,,64,,,,,,,,,0
1287,1287,1287,1287,1287,,,1287,,,1287,1287,1287,1287,,1287,1287,1287,1287,1287,1320,1320,1320,1320,-1319
1287,,,,,,,,,,,,,1287,,,,,1287
1287,,,,,,,,,,,,,1287,,,,,1287
1287,,1287,1287,,,1287,1287,1287,,,1287,,1287,1287,1287,1287,,1287
1287,,,1287,,,1287,,,,,1287,,,,,,,1287
1287,,,1287,,,1287,,,,,1287,,,,,,,1287
1287,1287,1287,1287,1287,1287,1287,1287,1287,1287,1287,1287,1287,1287,1287,1287,1287,1287,1287
@tiles1:B(431,46)
6320,6320,6318
,,1288
-1319,,1288
-1288,,1288
-1288,,1288
-6319,,6319
@tiles1:B(355,50)
6319
@tiles1:B(406,35)
6320,6320,6320,6320,6320,6320,6320,6320,6320,6320,6320,6320,6320,6320,6320,6320,6320,6320,6320,6320
1287,,,,,,,,,,,,,,,,,,,1287
1287,,,,,,,,,,,,,,,,,,,1287
64,,,,,,,,,,,,,,,,,,,64
64,,,,,,,,,,,,,,,,,,,64
1320,1320,1320,1320,1320,1320,1320,1320,1320,1320,1320,1320,1320,1320,1320,1320,1320,1320,1320,1320
@tiles1:B(373,54)
64,64
@tiles1:B(327,77)
1287,1287,64,64,1287,1287
@tiles1:B(355,54)
1319,1320,1320,1320,1320
@tiles5:B(205,53)
970
1002
@tiles5:B(431,54)
970
1002
@tiles5:B(372,53)
972
1004