==area:4==
@collision:L
182,113:1
183,113:1
184,113:1
185,113:1
199,110:14
199,111:0
200,110:14
200,111:0
201,108:1
201,109:1
202,110:14
202,111:0
203,110:14
203,111:0
@event:L
182,113:8
183,113:8
184,113:8
185,113:8
201,108:1
201,109:1
@tiles0:B(198,110)
1334,1335,1275,1275,1275
1302,1303,1275,1275,1275,1275
,,,1275,1275,1275
,,,,1275
@tiles1:B(182,108)
,,,,,,,,,,,,,,,,,,,32
,,,,,,,,,,,,,,,,,0,0,32,,0
,,,,,,,,,,,,,,,,-1046,0,0,1300,0,0,1300
,,,,,,,,,,,,,,,,-1176,1264,1264,1300,1264,0,1332
,,,,,,,,,,,,,,,,-1306,1274,1273,1273,1274,1273,-1305
1743,1743,1743,1743,,,,,,,,,,,,,,,,,,,-1176
@tiles3:B(199,109)
,0
334,334,334,334,334
,1330