==area:2==
@collision:B(348,146)
1,1,1,,,,,,,,,,1,1,1,1,1,1,1,1,1,1,1,,,,1
,,,,,,,,,,,,,,,,,,,,,,,0,0,0
,,,,,,,,,,,,,,,,,,,,,,,,,,,,,,,1,1,1
,,,,,,,,,,,,,,,,,,,,,,,,,,,,,,,1,1,1
,,,,,,,,,,,,,,,,,,,,,,,,,,,,,,,1,1,1
,,,,,,,,,,,,,,,,,,,,,,,,,,,,,,1,1,1,1
,,,,,,,,,,,,,,,,,,,,,,,,,,,,,,1,1,1,1
,,,,,,,,,,,,,,,,,,,,,,,,,,,,,,1,1,1
,,,,,,,,,,,,,,,,,,,,,,,,,,,,,,1,1,1
@event:B(348,146)
8,8,8
@tiles1:L
348,146:1743
349,146:1743
350,146:1743
378,151:1166
378,152:1198
378,153:1198
378,154:1231
379,148:1166
379,149:1198
379,150:1198
379,151:1262
379,152:1200
379,153:1200
379,154:1233
380,148:1167
380,149:1200
380,150:1200
380,151:1200
380,152:-1199
380,153:-1230
380,154:-1231
381,148:-1166
381,149:-1230
381,150:-1230
381,151:-1230
381,152:-1231