==area:2==
@collision:B(348,146)
1,1,1,,,,,,,,,,,,,,,,,,,,1,,,,1
,,,,,,,,,,,,,,,,,,,,,,,0,0,0
,,,,,,,,,,,,,,,,,,,,,,,,,,,,,,,1,1,1
,,,,,,,,,,,,,,,,,,,,,,,,,,,,,,,1,1,1
,,,,,,,,,,,,,,,,,,,,,,,,,,,,,,,1,1,1
,,,,,,,,,,,,,,,,,,,,,,,,,,,0,,1,1,1,1,1,1,1,1,1,1


,,,,,,,,,,,,,,,,,,,,,,,,,1,,1,,,,,,,,,,,,1,1
,,,,,,,,,,,,,,,,,,,,,,,,,,,1,,,0,0,0,0,0,0,0,0,0,1
,,,,,,,,,,,,,,,,,,,,,,,,,,,,,,0,0,0,0,0,0,0,0,0
,,,,,,,,,,,,,,,,,,,,,,,,,,,,,,0,0,0,0,0,0,0,0
,,,,,,,,,,,,,,,,,,,,,,,,,,,,,,0,0,0,0,0,0,0,0
,,,,,,,,,,,,,,,,,,,,,,,,,,,,,,0,0,0,0,0,0,0,0
,,,,,,,,,,,,,,,,,,,,,,,,,,,,,,0,0,0,0,0,0,0,0
@event:L
348,146:8
349,146:8
350,146:8
368,151:0
372,153:0
374,157:0
375,157:0
376,157:0
377,157:0
383,153:0
385,151:0
386,152:0
389,154:0
@tiles0:B(379,154)
,,,,,,,,1166,-1166
129,296,296,296,296,-97,,,1231,-1231
97,296,296,296,296,-97
129,296,296,296,296,-97
97,296,296,296,296,-97
97,,296,296,296,-97
@tiles1:B(348,146)
1743,1743,1743
,,,,,,,,,,,,,,,,,,,,,,,,,,,,,,1200,1200,1200,1200,1200
,,,,,,,,,,,,,,,,,,,,,,,,,,,,,,1200,1200,1200,1200,1200
,,,,,,,,,,,,,,,,,,,,,,,,,,,,,,1200,1200,1200,1200,1200
,,,,,,,,,,,,,,,,,,,,,,,,,,1231,1232,1199,1200,1200,1200,1200,1200,1200,1200,1200,1200,-1230
,,,,,,,,,,,,,,,,,,,,,,,,,,64,0,1231,1232,1233,1233,1233,1233,1233,1233,1233,1233,-1231


,,,,,,,,,,,,,,,,,,,,,,,,,64,,64
,,,,,,,,,,,,,,,,,,,,,,,,,,,64,,,0,0,0,0,0,0,0,0,0
,,,,,,,,,,,,,,,,,,,,,,,,,,,,,,0,0,0,0,0,0,0,0,0
,,,,,,,,,,,,,,,,,,,,,,,,,,,,,,0,0,0,0,0,0,0,0
,,,,,,,,,,,,,,,,,,,,,,,,,,,,,,0,0,0,0,0,0,0,0
,,,,,,,,,,,,,,,,,,,,,,,,,,,,,,0,0,0,0,0,0,0,0
,,,,,,,,,,,,,,,,,,,,,,,,,,,,,,0,0,0,0,0,0,0,0
@tiles3:B(381,154)
0,,,,0