==area:1==
@collision:B(193,68)
,,,,,,,0
,,,,,,,,1,1,,,,,,,,,1,1,,1,1
,,,,,,,,1,1,,,,,,,,,1,1,1,1,1
,,,,,,,,1,1
,,,,,,,,1,1,,0
,,,,,,,,1,1


0,0,0,0,0
0,0,0,0,0
@event:B(199,72)
0
0
@tiles0:B(193,68)
,,,,,,865,865,865







865,865,865,865,865
865,865,865,865,865
@tiles1:B(192,68)
,,,,,,,804,0,833,834,834
,,,,,,,,,833,834,834,,,,,,,,833,-833,,833,-833
,,,,,,,,,833,834,834,,,,,,,,801,834,834,834,-801
,,,,,,,,,833,834,834
,,,,,,,,,833,834,-833,0
,,,,,,,,,833,-833


868,0,0,0,0,0
-833,0,0,0,0,0
-833,-867,866,866,866,866